y = [7:1:44];
x = [2.1,1.98,1.701,1.7,1.5,1.33,1.21,1.1201,1.12,1.039,0.941,0.904,0.886,0.807,0.724,0.689,0.658,0.607,0.58,0.554,0.532,0.493,0.472,0.435,0.386,0.337,0.309,0.279,0.24,0.209,0.166,0.135,0.111,0.098,0.078,0.06,0.055,0.051];
y1 = [27:1:44];
x1 = [0.532,0.493,0.472,0.435,0.386,0.337,0.309,0.279,0.24,0.209,0.166,0.135,0.111,0.098,0.078,0.06,0.055,0.051];
y3 = [7:1:20];
x2 = [0.807,0.724,0.689,0.658,0.607,0.58,0.554,0.532];
x3 = [2.1,1.98,1.701,1.7,1.5,1.33,1.21,1.1201,1.12,1.039,0.941,0.904,0.886,0.807];
y2 = [20:1:27];
z = 1.95*x - 0.1;
z1 = 1.95*x1 - 0.1;
z2 = 1.95*x2 - 0.1;
z3 = 1.95*x3 - 0.1;



